54,0
110,0
56,0
25,0
58,0
59,0
60,0
61,0
62,0
63,0
0,0
65,0
152,0
67,0
68,0
69,0
70,0
71,0
129,0
73,0
99,0
32,0
101,0
102,0
103,0
104,0
105,0
106,0
107,0
108,0
109,0
110,0
111,0
112,0
113,0
114,0
115,0
115,0
117,0
118,0
119,0
120,0
136,0
46,0
40,0
6,0
29,0
19,0
125,0
34,0
2,0
65,0
49,0
32,0
46,0
7,0
33,0
48,0
1,0
113,0
12,0
13,0
14,0
16,0
16,0
113,0
18,0
37,0
22,0
21,0
22,0
103,0
45,0
25,0
39,0
38,0
8,0
29,0
30,0
31,0
100,0
33,0
34,0
14,0
40,0
37,0
38,0
39,0
40,0
38,0
129,0
43,0
44,0
35,0
127,0
47,0
8,0
49,0
63,0
136,0
49,0
53,0
7,0
3,0
30,0
10,0
58,0
59,0
61,0
61,0
65,0
63,0
15,0
63,0
20,0
67,0
65,0
15,0
63,0
71,0
72,0
99,0
30,0
23,0
101,0
102,0
103,0
104,0
105,0
106,0
107,0
108,0
109,0
55,0
70,0
112,0
113,0
114,0
38,0
115,0
115,0
118,0
119,0
120,0
63,0
46,0
124,0
118,0
126,0
127,0
24,0
136,0
137,0
138,0
139,0
140,0
141,0
142,0
143,0
63,0
16,0
136,0
150,0
151,0
24,0
27,0
37,0
3,0
4,0
17,0
6,0
7,0
48,0
8,0
9,0
107,0
12,0
15,0
14,0
15,0
3,0
5,0
18,0
19,0
20,0
21,0
22,0
8,0
41,0
32,0
41,0
39,0
48,0
29,0
30,0
23,0
10,0
18,0
33,0
109,0
36,0
37,0
38,0
31,0
65,0
40,0
42,0
38,0
44,0
25,0
46,0
67,0
8,0
49,0
29,0
49,0
29,0
53,0
54,0
55,0
56,0
57,0
58,0
59,0
60,0
61,0
62,0
63,0
15,0
65,0
22,0
37,0
65,0
12,0
70,0
65,0
72,0
73,0
99,0
32,0
101,0
47,0
103,0
104,0
113,0
106,0
107,0
108,0
109,0
110,0
111,0
112,0
113,0
114,0
115,0
115,0
117,0
38,0
119,0
120,0
49,0
123,0
46,0
36,0
140,0
35,0
19,0
137,0
138,0
138,0
139,0
140,0
141,0
142,0
143,0
15,0
14,0
26,0
12,0
66,0
87,0
75,0
76,0
77,0
78,0
79,0
80,0
81,0
82,0
96,0
84,0
85,0
146,0
91,0
88,0
94,0
90,0
91,0
92,0
93,0
94,0
95,0
80,0
97,0
98,0
95,0
93,0
78,0
133,0
134,0
135,0
130,0
148,0
31,0
1,0
2,0
3,0
49,0
17,0
6,0
7,0
8,0
25,0
10,0
11,0
12,0
13,0
14,0
16,0
16,0
17,0
18,0
19,0
20,0
21,0
22,0
22,0
38,0
36,0
39,0
27,0
8,0
7,0
30,0
31,0
32,0
33,0
31,0
16,0
40,0
37,0
39,0
39,0
31,0
115,0
42,0
37,0
44,0
45,0
122,0
47,0
48,0
71,0
50,0
14,0
121,0
124,0
54,0
55,0
32,0
32,0
58,0
59,0
61,0
60,0
15,0
63,0
64,0
65,0
20,0
67,0
68,0
69,0
70,0
71,0
72,0
73,0
99,0
100,0
101,0
102,0
58,0
104,0
105,0
143,0
107,0
108,0
109,0
55,0
111,0
112,0
113,0
114,0
115,0
115,0
38,0
19,0
119,0
120,0
49,0
122,0
123,0
136,0
40,0
126,0
12,0
129,0
151,0
137,0
61,0
139,0
140,0
29,0
142,0
114,0
13,0
14,0
149,0
42,0
123,0
0,0
1,0
2,0
3,0
4,0
116,0
152,0
7,0
8,0
10,0
10,0
11,0
107,0
13,0
14,0
15,0
16,0
17,0
18,0
19,0
61,0
21,0
22,0
22,0
64,0
41,0
41,0
25,0
28,0
29,0
30,0
31,0
57,0
33,0
65,0
35,0
125,0
2,0
40,0
116,0
45,0
38,0
42,0
39,0
56,0
25,0
122,0
42,0
28,0
4,0
29,0
42,0
12,0
9,0
54,0
55,0
72,0
57,0
58,0
59,0
60,0
61,0
65,0
63,0
31,0
63,0
66,0
67,0
24,0
69,0
30,0
71,0
72,0
73,0
99,0
100,0
101,0
102,0
103,0
108,0
99,0
106,0
107,0
108,0
58,0
101,0
33,0
112,0
113,0
114,0
115,0
116,0
117,0
118,0
119,0
120,0
138,0
150,0
123,0
62,0
127,0
54,0
129,0
74,0
75,0
76,0
146,0
78,0
146,0
80,0
88,0
82,0
83,0
84,0
84,0
98,0
86,0
88,0
89,0
90,0
91,0
92,0
131,0
94,0
95,0
96,0
97,0
98,0
130,0
131,0
132,0
133,0
93,0
135,0
146,0
148,0
0,0
145,0
2,0
62,0
7,0
62,0
29,0
7,0
8,0
9,0
10,0
11,0
12,0
13,0
145,0
15,0
16,0
5,0
62,0
19,0
21,0
21,0
22,0
121,0
24,0
48,0
26,0
27,0
28,0
65,0
30,0
15,0
57,0
33,0
34,0
35,0
15,0
15,0
38,0
31,0
69,0
38,0
42,0
115,0
44,0
125,0
63,0
28,0
48,0
29,0
50,0
3,0
51,0
53,0
29,0
55,0
56,0
103,0
59,0
60,0
61,0
62,0
62,0
64,0
62,0
67,0
65,0
65,0
64,0
70,0
29,0
72,0
73,0
73,0
100,0
101,0
102,0
115,0
104,0
106,0
106,0
107,0
21,0
73,0
110,0
111,0
112,0
113,0
114,0
115,0
115,0
15,0
118,0
119,0
120,0
51,0
124,0
125,0
126,0
124,0
124,0
129,0
139,0
141,0
142,0
143,0
144,0
129,0
149,0
145,0
2,0
0,0
1,0
70,0
3,0
4,0
149,0
6,0
7,0
57,0
9,0
10,0
11,0
12,0
13,0
14,0
15,0
35,0
64,0
68,0
19,0
20,0
21,0
22,0
23,0
0,0
25,0
26,0
27,0
47,0
63,0
30,0
31,0
32,0
33,0
13,0
2,0
38,0
37,0
39,0
39,0
38,0
72,0
42,0
118,0
44,0
9,0
46,0
47,0
48,0
49,0
50,0
52,0
4,0
122,0
54,0
55,0
56,0
57,0
58,0
59,0
60,0
61,0
62,0
63,0
64,0
65,0
66,0
67,0
67,0
69,0
70,0
71,0
108,0
73,0
99,0
100,0
101,0
110,0
103,0
104,0
105,0
106,0
107,0
108,0
58,0
55,0
111,0
112,0
113,0
114,0
115,0
116,0
117,0
118,0
119,0
120,0
136,0
128,0
122,0
45,0
126,0
127,0
39,0
136,0
137,0
138,0
55,0
140,0
141,0
71,0
143,0
15,0
145,0
149,0
150,0
151,0
40,0
1,0
2,0
21,0
4,0
1,0
6,0
7,0
8,0
9,0
25,0
11,0
12,0
13,0
14,0
15,0
16,0
17,0
47,0
19,0
20,0
21,0
1,0
8,0
150,0
10,0
115,0
27,0
8,0
63,0
30,0
40,0
8,0
47,0
34,0
2,0
38,0
37,0
40,0
37,0
26,0
41,0
42,0
72,0
44,0
70,0
46,0
18,0
48,0
151,0
50,0
50,0
54,0
53,0
54,0
55,0
21,0
57,0
58,0
59,0
22,0
22,0
62,0
0,0
0,0
64,0
20,0
67,0
68,0
69,0
70,0
71,0
72,0
55,0
99,0
100,0
101,0
102,0
103,0
104,0
105,0
106,0
107,0
108,0
109,0
110,0
111,0
112,0
113,0
114,0
115,0
116,0
72,0
118,0
119,0
120,0
5,0
124,0
122,0
129,0
126,0
127,0
129,0
136,0
137,0
138,0
139,0
140,0
22,0
142,0
143,0
144,0
145,0
149,0
150,0
151,0
0,0
9,0
104,0
30,0
66,0
17,0
6,0
7,0
8,0
9,0
68,0
11,0
11,0
14,0
14,0
73,0
16,0
149,0
102,0
19,0
61,0
61,0
23,0
24,0
48,0
39,0
45,0
48,0
29,0
32,0
31,0
48,0
33,0
34,0
34,0
36,0
37,0
72,0
115,0
64,0
38,0
149,0
5,0
52,0
1,0
22,0
47,0
44,0
54,0
63,0
142,0
7,0
4,0
54,0
55,0
56,0
57,0
58,0
59,0
60,0
60,0
36,0
63,0
64,0
65,0
59,0
67,0
69,0
69,0
47,0
151,0
72,0
73,0
99,0
32,0
101,0
102,0
109,0
104,0
105,0
106,0
107,0
108,0
109,0
110,0
111,0
112,0
120,0
114,0
149,0
115,0
117,0
41,0
119,0
120,0
63,0
46,0
143,0
122,0
9,0
126,0
127,0
137,0
136,0
137,0
136,0
150,0
140,0
141,0
142,0
143,0
144,0
35,0
17,0
23,0
23,0
78,0
75,0
76,0
95,0
132,0
79,0
82,0
77,0
82,0
83,0
84,0
85,0
77,0
74,0
88,0
94,0
98,0
91,0
92,0
86,0
94,0
95,0
96,0
97,0
98,0
130,0
131,0
132,0
133,0
92,0
135,0
146,0
87,0
0,0
44,0
42,0
1,0
124,0
40,0
6,0
7,0
33,0
154,0
10,0
16,0
69,0
139,0
14,0
15,0
16,0
16,0
144,0
19,0
17,0
57,0
7,0
152,0
24,0
57,0
39,0
125,0
48,0
29,0
30,0
31,0
48,0
13,0
34,0
35,0
5,0
37,0
57,0
39,0
17,0
17,0
42,0
108,0
44,0
1,0
46,0
150,0
57,0
49,0
50,0
29,0
49,0
53,0
124,0
73,0
48,0
48,0
103,0
59,0
141,0
22,0
63,0
29,0
24,0
52,0
66,0
70,0
68,0
11,0
150,0
71,0
69,0
73,0
152,0
100,0
101,0
101,0
103,0
104,0
105,0
106,0
107,0
108,0
109,0
143,0
111,0
119,0
120,0
114,0
26,0
143,0
117,0
19,0
119,0
120,0
20,0
136,0
53,0
127,0
24,0
126,0
152,0
110,0
126,0
137,0
137,0
126,0
73,0
140,0
141,0
141,0
143,0
70,0
16,0
26,0
33,0
151,0
99,0
100,0
119,0
102,0
103,0
104,0
105,0
106,0
107,0
108,0
109,0
110,0
111,0
112,0
116,0
114,0
115,0
115,0
117,0
118,0
119,0
120,0
74,0
75,0
74,0
95,0
86,0
79,0
82,0
84,0
82,0
83,0
146,0
85,0
86,0
131,0
88,0
89,0
90,0
91,0
92,0
93,0
94,0
95,0
131,0
97,0
98,0
93,0
132,0
133,0
134,0
135,0
146,0
148,0
0,0
1,0
37,0
68,0
4,0
63,0
6,0
7,0
8,0
1,0
10,0
11,0
12,0
63,0
14,0
15,0
16,0
17,0
18,0
117,0
20,0
21,0
59,0
21,0
24,0
68,0
26,0
27,0
48,0
29,0
30,0
31,0
32,0
33,0
34,0
45,0
24,0
37,0
38,0
39,0
38,0
38,0
42,0
118,0
9,0
45,0
46,0
47,0
48,0
29,0
50,0
121,0
71,0
151,0
49,0
55,0
56,0
57,0
58,0
22,0
60,0
20,0
70,0
63,0
34,0
65,0
66,0
26,0
36,0
70,0
39,0
71,0
72,0
73,0
74,0
75,0
77,0
79,0
80,0
81,0
80,0
83,0
84,0
85,0
86,0
87,0
88,0
89,0
98,0
91,0
92,0
131,0
94,0
95,0
80,0
97,0
77,0
99,0
100,0
101,0
102,0
103,0
104,0
105,0
106,0
107,0
47,0
109,0
55,0
111,0
112,0
113,0
114,0
115,0
117,0
117,0
118,0
119,0
120,0
3,0
122,0
123,0
122,0
24,0
126,0
127,0
26,0
130,0
78,0
132,0
133,0
97,0
135,0
137,0
136,0
138,0
139,0
140,0
141,0
142,0
143,0
144,0
145,0
146,0
148,0
140,0
150,0
151,0
143,0
16,0
1,0
16,0
121,0
4,0
5,0
6,0
7,0
8,0
9,0
25,0
11,0
12,0
13,0
14,0
15,0
16,0
5,0
18,0
19,0
20,0
21,0
22,0
21,0
27,0
25,0
5,0
27,0
28,0
29,0
30,0
31,0
32,0
33,0
34,0
35,0
36,0
15,0
38,0
39,0
41,0
38,0
42,0
43,0
44,0
45,0
6,0
62,0
48,0
49,0
50,0
51,0
51,0
53,0
54,0
55,0
56,0
32,0
58,0
23,0
60,0
20,0
62,0
63,0
15,0
65,0
66,0
37,0
62,0
70,0
37,0
29,0
72,0
73,0
99,0
100,0
101,0
102,0
58,0
104,0
105,0
106,0
107,0
108,0
109,0
110,0
111,0
112,0
113,0
114,0
115,0
116,0
117,0
41,0
119,0
120,0
3,0
122,0
123,0
124,0
64,0
126,0
30,0
71,0
129,0
136,0
151,0
138,0
139,0
140,0
22,0
142,0
110,0
144,0
14,0
140,0
24,0
151,0
76,0
75,0
76,0
95,0
78,0
97,0
80,0
81,0
80,0
83,0
84,0
85,0
86,0
87,0
88,0
89,0
90,0
91,0
92,0
93,0
94,0
77,0
83,0
97,0
98,0
146,0
87,0
132,0
133,0
132,0
135,0
146,0
148,0
64,0
1,0
2,0
150,0
4,0
17,0
6,0
7,0
48,0
28,0
10,0
11,0
12,0
13,0
14,0
15,0
16,0
17,0
18,0
19,0
20,0
21,0
22,0
23,0
62,0
39,0
24,0
72,0
28,0
71,0
30,0
31,0
100,0
18,0
34,0
35,0
24,0
70,0
38,0
26,0
38,0
115,0
42,0
68,0
27,0
68,0
46,0
18,0
48,0
49,0
50,0
52,0
53,0
53,0
54,0
55,0
69,0
57,0
58,0
59,0
60,0
61,0
63,0
63,0
64,0
65,0
66,0
24,0
68,0
69,0
70,0
71,0
72,0
73,0
99,0
100,0
101,0
102,0
103,0
104,0
113,0
106,0
119,0
72,0
109,0
55,0
110,0
104,0
105,0
114,0
116,0
116,0
117,0
19,0
119,0
120,0
121,0
123,0
28,0
124,0
24,0
126,0
127,0
142,0
129,0
136,0
137,0
138,0
139,0
42,0
141,0
142,0
143,0
144,0
2,0
149,0
150,0
151,0
74,0
75,0
76,0
77,0
87,0
76,0
80,0
81,0
82,0
83,0
148,0
85,0
86,0
87,0
88,0
89,0
90,0
91,0
92,0
93,0
94,0
95,0
96,0
97,0
98,0
91,0
132,0
132,0
133,0
81,0
135,0
146,0
148,0
0,0
1,0
120,0
3,0
49,0
17,0
6,0
54,0
8,0
109,0
10,0
11,0
12,0
13,0
145,0
15,0
16,0
17,0
18,0
41,0
20,0
21,0
22,0
23,0
31,0
127,0
26,0
27,0
48,0
71,0
30,0
31,0
32,0
55,0
34,0
144,0
41,0
104,0
26,0
26,0
41,0
26,0
42,0
43,0
27,0
1,0
122,0
23,0
48,0
49,0
65,0
53,0
53,0
53,0
54,0
110,0
56,0
18,0
58,0
59,0
60,0
61,0
63,0
63,0
64,0
63,0
142,0
27,0
63,0
69,0
70,0
63,0
72,0
55,0
110,0
57,0
101,0
102,0
103,0
104,0
105,0
110,0
107,0
102,0
109,0
110,0
55,0
101,0
113,0
114,0
118,0
116,0
117,0
19,0
119,0
113,0
5,0
122,0
123,0
124,0
41,0
126,0
123,0
128,0
129,0
136,0
137,0
138,0
139,0
20,0
141,0
142,0
143,0
13,0
14,0
149,0
18,0
123,0
74,0
75,0
76,0
77,0
78,0
79,0
80,0
81,0
82,0
83,0
84,0
85,0
74,0
78,0
88,0
89,0
90,0
91,0
92,0
131,0
94,0
95,0
80,0
97,0
98,0
130,0
78,0
132,0
133,0
134,0
135,0
146,0
148,0
38,0
1,0
70,0
38,0
4,0
5,0
6,0
7,0
8,0
10,0
25,0
11,0
12,0
13,0
14,0
15,0
16,0
16,0
36,0
19,0
20,0
21,0
66,0
23,0
10,0
10,0
26,0
30,0
28,0
71,0
30,0
31,0
32,0
45,0
15,0
35,0
36,0
37,0
40,0
39,0
39,0
41,0
42,0
43,0
44,0
45,0
46,0
47,0
28,0
49,0
50,0
50,0
4,0
53,0
54,0
55,0
48,0
57,0
58,0
59,0
60,0
61,0
27,0
63,0
64,0
47,0
66,0
67,0
68,0
69,0
70,0
71,0
72,0
73,0
56,0
100,0
101,0
102,0
103,0
104,0
105,0
106,0
107,0
108,0
109,0
110,0
111,0
112,0
113,0
114,0
115,0
115,0
117,0
118,0
119,0
120,0
3,0
122,0
124,0
124,0
27,0
126,0
127,0
122,0
129,0
137,0
126,0
138,0
8,0
140,0
141,0
142,0
143,0
144,0
145,0
140,0
150,0
138,0
87,0
75,0
87,0
77,0
78,0
79,0
82,0
81,0
1,0
83,0
84,0
84,0
87,0
87,0
88,0
89,0
80,0
91,0
92,0
93,0
94,0
95,0
96,0
97,0
98,0
130,0
131,0
132,0
133,0
134,0
135,0
146,0
148,0
41,0
1,0
2,0
3,0
4,0
64,0
6,0
7,0
8,0
9,0
10,0
11,0
12,0
13,0
14,0
15,0
35,0
121,0
33,0
19,0
20,0
56,0
22,0
23,0
62,0
25,0
38,0
126,0
8,0
29,0
30,0
31,0
32,0
33,0
34,0
145,0
36,0
70,0
38,0
45,0
41,0
40,0
42,0
43,0
27,0
45,0
46,0
2,0
9,0
49,0
50,0
51,0
52,0
46,0
54,0
55,0
21,0
56,0
58,0
59,0
60,0
61,0
65,0
29,0
64,0
33,0
66,0
67,0
68,0
69,0
70,0
71,0
72,0
73,0
99,0
10,0
101,0
102,0
58,0
104,0
105,0
106,0
107,0
108,0
58,0
55,0
111,0
112,0
113,0
143,0
115,0
115,0
117,0
118,0
119,0
120,0
50,0
122,0
122,0
127,0
1,0
109,0
127,0
53,0
129,0
137,0
151,0
58,0
139,0
126,0
152,0
142,0
19,0
144,0
145,0
17,0
142,0
151,0
87,0
75,0
78,0
77,0
78,0
83,0
131,0
74,0
82,0
83,0
84,0
85,0
86,0
87,0
88,0
97,0
91,0
91,0
92,0
93,0
94,0
95,0
96,0
97,0
98,0
87,0
93,0
132,0
133,0
134,0
135,0
146,0
87,0
0,0
28,0
67,0
21,0
4,0
5,0
6,0
7,0
8,0
28,0
10,0
11,0
12,0
13,0
63,0
15,0
16,0
28,0
33,0
19,0
20,0
29,0
22,0
23,0
36,0
10,0
116,0
62,0
48,0
29,0
30,0
40,0
32,0
33,0
13,0
35,0
45,0
37,0
24,0
39,0
36,0
115,0
42,0
43,0
44,0
45,0
46,0
47,0
45,0
142,0
50,0
151,0
54,0
152,0
54,0
55,0
56,0
57,0
58,0
59,0
60,0
61,0
45,0
63,0
0,0
17,0
66,0
70,0
3,0
37,0
37,0
71,0
72,0
110,0
99,0
100,0
101,0
47,0
103,0
73,0
105,0
106,0
107,0
48,0
109,0
110,0
111,0
112,0
113,0
114,0
40,0
115,0
26,0
40,0
119,0
120,0
52,0
123,0
122,0
116,0
24,0
102,0
127,0
136,0
129,0
136,0
136,0
138,0
139,0
140,0
141,0
142,0
143,0
47,0
145,0
149,0
66,0
53,0
0,0
0,0
2,0
63,0
4,0
64,0
54,0
7,0
8,0
9,0
27,0
11,0
12,0
13,0
14,0
15,0
16,0
17,0
18,0
19,0
121,0
21,0
17,0
139,0
24,0
45,0
56,0
27,0
28,0
4,0
30,0
31,0
32,0
25,0
34,0
14,0
36,0
37,0
41,0
117,0
40,0
41,0
42,0
43,0
63,0
45,0
124,0
63,0
48,0
51,0
50,0
51,0
29,0
51,0
49,0
55,0
56,0
57,0
58,0
59,0
60,0
6,0
45,0
63,0
64,0
65,0
66,0
67,0
68,0
69,0
70,0
71,0
72,0
73,0
73,0
56,0
101,0
102,0
58,0
104,0
105,0
106,0
107,0
108,0
109,0
110,0
25,0
112,0
113,0
114,0
115,0
116,0
117,0
118,0
119,0
120,0
60,0
136,0
122,0
124,0
24,0
126,0
127,0
138,0
129,0
138,0
137,0
112,0
139,0
140,0
141,0
142,0
143,0
144,0
145,0
149,0
38,0
136,0
74,0
75,0
76,0
77,0
78,0
89,0
96,0
81,0
93,0
83,0
84,0
85,0
86,0
87,0
88,0
89,0
90,0
91,0
92,0
93,0
94,0
77,0
96,0
97,0
98,0
130,0
93,0
132,0
133,0
134,0
135,0
146,0
148,0
86,0
75,0
76,0
77,0
78,0
79,0
80,0
81,0
82,0
83,0
84,0
85,0
86,0
93,0
88,0
89,0
90,0
91,0
92,0
131,0
94,0
95,0
80,0
97,0
98,0
130,0
131,0
132,0
133,0
134,0
135,0
146,0
148,0
0,0
47,0
2,0
3,0
4,0
3,0
4,0
7,0
8,0
9,0
25,0
11,0
12,0
34,0
14,0
13,0
14,0
72,0
18,0
19,0
20,0
63,0
22,0
23,0
63,0
25,0
117,0
25,0
28,0
29,0
30,0
31,0
32,0
28,0
45,0
35,0
36,0
37,0
43,0
39,0
36,0
68,0
42,0
43,0
44,0
45,0
46,0
47,0
48,0
49,0
50,0
49,0
4,0
53,0
12,0
55,0
63,0
57,0
58,0
59,0
60,0
61,0
63,0
62,0
64,0
140,0
138,0
70,0
2,0
65,0
70,0
122,0
72,0
73,0
99,0
100,0
101,0
102,0
103,0
104,0
105,0
106,0
107,0
108,0
109,0
110,0
111,0
112,0
113,0
114,0
115,0
115,0
26,0
2,0
119,0
120,0
49,0
53,0
123,0
53,0
3,0
126,0
127,0
123,0
140,0
136,0
137,0
138,0
139,0
140,0
141,0
142,0
143,0
144,0
145,0
140,0
61,0
53,0
74,0
75,0
76,0
77,0
78,0
79,0
80,0
81,0
148,0
83,0
84,0
85,0
86,0
87,0
88,0
90,0
91,0
92,0
93,0
94,0
95,0
80,0
97,0
98,0
130,0
78,0
132,0
133,0
134,0
135,0
146,0
148,0
0,0
1,0
2,0
3,0
4,0
17,0
6,0
7,0
8,0
9,0
25,0
11,0
42,0
13,0
35,0
15,0
16,0
5,0
18,0
19,0
129,0
21,0
61,0
23,0
24,0
28,0
26,0
27,0
28,0
29,0
68,0
36,0
100,0
18,0
34,0
34,0
24,0
37,0
18,0
129,0
18,0
34,0
42,0
18,0
44,0
1,0
46,0
18,0
8,0
50,0
50,0
121,0
52,0
25,0
54,0
18,0
10,0
28,0
58,0
59,0
20,0
61,0
65,0
63,0
18,0
13,0
66,0
67,0
68,0
69,0
70,0
69,0
126,0
73,0
3,0
137,0
128,0
123,0
125,0
126,0
127,0
124,0
101,0
126,0
126,0
126,0
139,0
140,0
141,0
142,0
143,0
13,0
145,0
113,0
150,0
123,0
18,0
47,0
2,0
3,0
7,0
64,0
29,0
136,0
8,0
1,0
48,0
11,0
12,0
139,0
14,0
15,0
16,0
17,0
24,0
104,0
20,0
21,0
22,0
23,0
24,0
45,0
153,0
125,0
28,0
63,0
30,0
33,0
100,0
18,0
45,0
14,0
62,0
45,0
38,0
39,0
38,0
38,0
42,0
38,0
38,0
57,0
124,0
47,0
48,0
50,0
50,0
51,0
17,0
27,0
54,0
55,0
56,0
57,0
103,0
59,0
60,0
61,0
68,0
62,0
64,0
15,0
66,0
62,0
72,0
69,0
24,0
71,0
72,0
73,0
121,0
137,0
123,0
123,0
125,0
126,0
127,0
71,0
129,0
151,0
137,0
138,0
103,0
140,0
141,0
142,0
143,0
144,0
16,0
129,0
150,0
138,0
55,0
100,0
101,0
102,0
103,0
104,0
105,0
106,0
107,0
108,0
109,0
111,0
111,0
112,0
101,0
101,0
72,0
144,0
111,0
118,0
119,0
120,0
132,0
75,0
131,0
77,0
78,0
79,0
80,0
81,0
82,0
83,0
84,0
85,0
83,0
83,0
88,0
89,0
90,0
91,0
92,0
93,0
94,0
95,0
80,0
94,0
98,0
95,0
131,0
132,0
133,0
134,0
135,0
146,0
148,0
0,0
1,0
2,0
50,0
52,0
122,0
141,0
61,0
48,0
46,0
10,0
11,0
12,0
13,0
14,0
16,0
16,0
17,0
18,0
19,0
66,0
21,0
22,0
23,0
24,0
25,0
26,0
45,0
28,0
29,0
30,0
31,0
32,0
33,0
34,0
35,0
36,0
37,0
72,0
17,0
36,0
64,0
42,0
62,0
25,0
45,0
54,0
34,0
25,0
4,0
50,0
52,0
52,0
53,0
54,0
55,0
56,0
57,0
58,0
59,0
61,0
61,0
64,0
63,0
5,0
63,0
66,0
67,0
68,0
69,0
70,0
71,0
72,0
73,0
5,0
122,0
123,0
124,0
125,0
126,0
127,0
141,0
149,0
136,0
137,0
138,0
139,0
5,0
141,0
142,0
143,0
144,0
145,0
149,0
150,0
53,0
99,0
100,0
101,0
102,0
103,0
104,0
105,0
106,0
107,0
108,0
109,0
110,0
111,0
108,0
113,0
114,0
115,0
115,0
117,0
118,0
104,0
120,0
76,0
75,0
76,0
77,0
78,0
79,0
82,0
88,0
75,0
83,0
84,0
85,0
74,0
83,0
88,0
89,0
90,0
91,0
92,0
132,0
94,0
95,0
96,0
97,0
98,0
130,0
131,0
132,0
133,0
134,0
135,0
146,0
148,0
0,0
1,0
37,0
6,0
49,0
17,0
7,0
66,0
8,0
9,0
127,0
11,0
12,0
13,0
14,0
13,0
14,0
127,0
18,0
19,0
20,0
21,0
22,0
23,0
24,0
64,0
26,0
27,0
28,0
29,0
30,0
31,0
32,0
33,0
34,0
5,0
36,0
37,0
38,0
39,0
38,0
64,0
140,0
72,0
1,0
45,0
54,0
42,0
44,0
49,0
50,0
122,0
49,0
53,0
54,0
55,0
56,0
57,0
58,0
59,0
61,0
61,0
65,0
63,0
62,0
65,0
147,0
67,0
68,0
69,0
70,0
71,0
43,0
73,0
121,0
128,0
123,0
123,0
13,0
126,0
125,0
122,0
129,0
136,0
137,0
138,0
139,0
140,0
141,0
142,0
143,0
144,0
14,0
149,0
150,0
53,0
99,0
100,0
101,0
102,0
103,0
104,0
105,0
106,0
107,0
108,0
109,0
110,0
111,0
108,0
113,0
114,0
115,0
149,0
117,0
118,0
119,0
120,0
74,0
75,0
76,0
77,0
132,0
79,0
80,0
88,0
82,0
80,0
75,0
85,0
148,0
148,0
88,0
89,0
90,0
91,0
92,0
93,0
94,0
77,0
80,0
97,0
98,0
87,0
131,0
132,0
133,0
134,0
135,0
88,0
148,0
31,0
65,0
100,0
50,0
56,0
19,0
65,0
116,0
57,0
69,0
25,0
150,0
57,0
57,0
18,0
69,0
33,0
118,0
99,0
111,0
150,0
14,0
34,0
13,0
59,0
33,0
101,0
18,0
18,0
36,0
41,0
65,0
39,0
57,0
65,0
24,0
38,0
31,0
41,0
19,0
110,0
19,0
140,0
64,0
17,0
44,0
56,0
33,0
57,0
57,0
99,0
150,0
19,0
29,0
33,0
10,0
99,0
44,0
115,0
33,0
149,0
69,0
33,0
33,0
42,0
55,0
34,0
65,0
141,0
39,0
111,0
6,0
27,0
111,0
99,0
18,0
128,0
7,0
23,0
99,0
18,0
46,0
126,0
22,0
127,0
2,0
127,0
54,0
99,0
136,0
71,0
20,0
34,0
31,0
115,0
18,0
111,0
99,0
39,0
53,0
18,0
99,0
123,0
99,0
99,0
110,0
33,0
26,0
26,0
99,0
118,0
127,0
99,0
99,0
31,0
33,0
69,0
21,0
135,0
92,0
84,0
91,0
83,0
95,0
97,0
90,0
148,0
82,0
90,0
90,0
131,0
91,0
97,0
69,0
83,0
76,0
146,0
146,0
89,0
146,0
131,0
77,0
76,0
146,0
146,0
132,0
128,0
95,0
146,0
130,0
146,0
0,0
1,0
34,0
17,0
4,0
3,0
6,0
100,0
8,0
10,0
10,0
11,0
11,0
13,0
14,0
15,0
16,0
3,0
18,0
19,0
22,0
21,0
22,0
23,0
3,0
25,0
26,0
39,0
28,0
63,0
30,0
31,0
32,0
33,0
34,0
35,0
36,0
118,0
36,0
27,0
40,0
24,0
42,0
36,0
125,0
45,0
122,0
47,0
48,0
54,0
4,0
122,0
127,0
46,0
137,0
55,0
30,0
57,0
58,0
59,0
60,0
61,0
63,0
63,0
3,0
13,0
20,0
36,0
24,0
2,0
24,0
63,0
125,0
55,0
121,0
124,0
127,0
99,0
100,0
101,0
109,0
103,0
10,0
1,0
26,0
46,0
8,0
37,0
136,0
138,0
138,0
1,0
140,0
127,0
142,0
106,0
144,0
14,0
113,0
12,0
122,0
149,0
105,0
58,0
107,0
108,0
103,0
69,0
111,0
55,0
68,0
111,0
26,0
68,0
116,0
115,0
10,0
99,0
77,0
75,0
76,0
77,0
78,0
88,0
80,0
80,0
80,0
83,0
84,0
85,0
86,0
87,0
85,0
89,0
90,0
91,0
92,0
93,0
94,0
95,0
96,0
94,0
80,0
130,0
131,0
132,0
133,0
134,0
135,0
146,0
87,0
0,0
1,0
31,0
3,0
4,0
66,0
29,0
7,0
32,0
127,0
32,0
11,0
11,0
13,0
14,0
16,0
5,0
17,0
42,0
31,0
20,0
56,0
22,0
66,0
36,0
25,0
38,0
45,0
32,0
29,0
66,0
37,0
32,0
33,0
34,0
34,0
36,0
2,0
45,0
27,0
68,0
36,0
126,0
152,0
71,0
45,0
122,0
109,0
27,0
4,0
50,0
62,0
63,0
53,0
54,0
47,0
56,0
57,0
58,0
22,0
20,0
61,0
65,0
63,0
66,0
138,0
66,0
67,0
68,0
69,0
68,0
29,0
39,0
73,0
66,0
123,0
122,0
53,0
68,0
138,0
141,0
129,0
136,0
122,0
122,0
139,0
140,0
141,0
122,0
143,0
1,0
145,0
140,0
143,0
7,0
99,0
53,0
101,0
102,0
138,0
104,0
99,0
73,0
107,0
108,0
23,0
55,0
33,0
112,0
113,0
143,0
116,0
116,0
31,0
118,0
112,0
120,0
89,0
84,0
89,0
77,0
78,0
79,0
80,0
85,0
81,0
83,0
135,0
85,0
80,0
83,0
89,0
89,0
90,0
91,0
92,0
93,0
94,0
146,0
74,0
97,0
98,0
130,0
78,0
132,0
146,0
134,0
135,0
70,0
135,0
0,0
1,0
37,0
21,0
4,0
17,0
6,0
7,0
8,0
9,0
10,0
11,0
12,0
13,0
14,0
15,0
16,0
17,0
18,0
19,0
66,0
21,0
22,0
58,0
24,0
25,0
26,0
27,0
28,0
29,0
30,0
31,0
9,0
33,0
34,0
14,0
36,0
37,0
38,0
39,0
24,0
39,0
5,0
43,0
44,0
45,0
127,0
47,0
48,0
49,0
4,0
51,0
52,0
53,0
54,0
110,0
56,0
57,0
58,0
59,0
60,0
61,0
62,0
63,0
0,0
63,0
66,0
62,0
68,0
67,0
37,0
29,0
151,0
72,0
151,0
121,0
123,0
53,0
124,0
68,0
126,0
124,0
129,0
137,0
128,0
138,0
139,0
19,0
141,0
142,0
143,0
144,0
145,0
149,0
24,0
151,0
55,0
100,0
102,0
102,0
103,0
104,0
105,0
106,0
107,0
108,0
109,0
110,0
111,0
112,0
113,0
114,0
115,0
115,0
117,0
40,0
119,0
120,0
74,0
75,0
76,0
86,0
78,0
79,0
80,0
81,0
82,0
83,0
84,0
85,0
74,0
87,0
88,0
89,0
90,0
91,0
92,0
93,0
94,0
95,0
80,0
97,0
95,0
131,0
132,0
133,0
134,0
135,0
146,0
148,0
151,0
74,0
75,0
76,0
77,0
78,0
79,0
80,0
85,0
148,0
83,0
84,0
85,0
95,0
87,0
88,0
134,0
90,0
91,0
92,0
93,0
89,0
79,0
96,0
97,0
98,0
130,0
132,0
132,0
133,0
134,0
135,0
94,0
148,0
18,0
1,0
2,0
126,0
4,0
128,0
122,0
8,0
25,0
11,0
12,0
13,0
14,0
15,0
16,0
26,0
18,0
102,0
4,0
56,0
22,0
23,0
24,0
10,0
118,0
27,0
45,0
29,0
38,0
109,0
18,0
24,0
145,0
36,0
55,0
40,0
39,0
38,0
38,0
42,0
113,0
44,0
45,0
46,0
62,0
45,0
49,0
50,0
137,0
138,0
141,0
66,0
111,0
56,0
56,0
58,0
59,0
141,0
61,0
125,0
69,0
64,0
65,0
66,0
67,0
69,0
56,0
69,0
69,0
72,0
26,0
121,0
6,0
124,0
124,0
24,0
126,0
122,0
150,0
136,0
137,0
136,0
139,0
118,0
141,0
142,0
143,0
144,0
145,0
123,0
68,0
53,0
141,0
66,0
101,0
102,0
109,0
69,0
140,0
114,0
101,0
108,0
109,0
111,0
111,0
112,0
113,0
114,0
26,0
99,0
55,0
118,0
104,0
120,0
76,0
75,0
76,0
77,0
78,0
79,0
80,0
95,0
84,0
83,0
84,0
85,0
74,0
146,0
88,0
89,0
90,0
91,0
92,0
131,0
94,0
79,0
80,0
89,0
98,0
146,0
131,0
132,0
94,0
134,0
135,0
146,0
76,0
0,0
1,0
37,0
21,0
5,0
6,0
7,0
8,0
9,0
25,0
11,0
11,0
144,0
14,0
15,0
16,0
17,0
18,0
19,0
20,0
21,0
22,0
23,0
0,0
25,0
39,0
27,0
28,0
29,0
30,0
31,0
32,0
33,0
34,0
35,0
40,0
37,0
40,0
37,0
31,0
40,0
42,0
43,0
44,0
45,0
122,0
47,0
28,0
54,0
151,0
53,0
122,0
53,0
54,0
55,0
9,0
56,0
58,0
59,0
60,0
61,0
68,0
63,0
0,0
65,0
66,0
70,0
68,0
69,0
71,0
72,0
73,0
121,0
122,0
123,0
122,0
45,0
126,0
127,0
138,0
139,0
140,0
136,0
137,0
138,0
139,0
140,0
71,0
129,0
129,0
142,0
143,0
144,0
145,0
140,0
63,0
151,0
99,0
100,0
101,0
101,0
58,0
104,0
105,0
106,0
107,0
129,0
129,0
108,0
109,0
55,0
111,0
112,0
113,0
114,0
116,0
116,0
117,0
118,0
119,0
113,0
129,0
73,0
74,0
75,0
76,0
77,0
87,0
79,0
80,0
85,0
80,0
80,0
85,0
85,0
86,0
80,0
88,0
89,0
90,0
91,0
92,0
93,0
88,0
95,0
96,0
97,0
98,0
134,0
78,0
132,0
133,0
134,0
135,0
95,0
90,0
0,0
1,0
2,0
3,0
7,0
17,0
6,0
7,0
28,0
25,0
68,0
11,0
22,0
150,0
14,0
15,0
65,0
5,0
13,0
2,0
3,0
21,0
29,0
29,0
24,0
25,0
26,0
125,0
10,0
6,0
108,0
31,0
32,0
33,0
69,0
35,0
36,0
15,0
38,0
26,0
38,0
2,0
42,0
43,0
44,0
45,0
122,0
47,0
44,0
4,0
17,0
52,0
52,0
126,0
138,0
46,0
53,0
57,0
58,0
59,0
3,0
53,0
71,0
63,0
62,0
62,0
66,0
37,0
127,0
69,0
70,0
122,0
9,0
73,0
6,0
128,0
136,0
128,0
34,0
126,0
141,0
129,0
137,0
137,0
138,0
139,0
140,0
141,0
66,0
26,0
144,0
14,0
58,0
36,0
151,0
99,0
123,0
101,0
102,0
58,0
104,0
105,0
106,0
107,0
42,0
22,0
123,0
33,0
112,0
140,0
42,0
39,0
39,0
41,0
118,0
119,0
120,0
0,0
1,0
37,0
63,0
4,0
17,0
6,0
7,0
13,0
9,0
25,0
11,0
12,0
13,0
14,0
13,0
16,0
5,0
33,0
19,0
20,0
21,0
61,0
23,0
64,0
25,0
26,0
27,0
28,0
29,0
64,0
31,0
32,0
33,0
35,0
35,0
36,0
70,0
39,0
39,0
43,0
38,0
42,0
43,0
44,0
102,0
46,0
47,0
48,0
4,0
4,0
48,0
52,0
52,0
54,0
110,0
56,0
57,0
58,0
59,0
60,0
61,0
24,0
63,0
64,0
70,0
66,0
67,0
68,0
71,0
70,0
62,0
72,0
73,0
3,0
122,0
126,0
47,0
2,0
141,0
127,0
108,0
99,0
129,0
108,0
139,0
17,0
127,0
128,0
33,0
123,0
42,0
30,0
69,0
113,0
150,0
151,0
152,0
44,0
57,0
0,0
1,0
2,0
3,0
4,0
17,0
6,0
7,0
8,0
9,0
48,0
11,0
12,0
13,0
14,0
15,0
16,0
5,0
18,0
19,0
20,0
21,0
22,0
23,0
36,0
25,0
26,0
27,0
28,0
63,0
30,0
31,0
32,0
33,0
18,0
35,0
36,0
37,0
38,0
39,0
38,0
38,0
42,0
43,0
5,0
45,0
46,0
47,0
48,0
4,0
4,0
54,0
52,0
53,0
54,0
55,0
56,0
57,0
58,0
59,0
60,0
61,0
125,0
63,0
3,0
64,0
152,0
67,0
36,0
69,0
70,0
71,0
72,0
55,0
3,0
122,0
123,0
46,0
125,0
126,0
127,0
129,0
138,0
137,0
138,0
139,0
5,0
141,0
142,0
143,0
2,0
152,0
147,0
149,0
24,0
151,0
152,0
12,0
35,0
99,0
57,0
101,0
102,0
103,0
104,0
105,0
106,0
107,0
108,0
109,0
110,0
111,0
112,0
113,0
106,0
115,0
115,0
117,0
118,0
119,0
120,0
86,0
75,0
76,0
77,0
78,0
79,0
80,0
88,0
82,0
83,0
84,0
85,0
131,0
87,0
88,0
89,0
90,0
91,0
92,0
93,0
94,0
84,0
80,0
89,0
98,0
95,0
74,0
132,0
133,0
134,0
135,0
146,0
84,0
0,0
1,0
37,0
63,0
4,0
17,0
6,0
7,0
8,0
25,0
10,0
11,0
12,0
13,0
14,0
15,0
16,0
17,0
18,0
19,0
20,0
21,0
22,0
23,0
125,0
25,0
26,0
48,0
28,0
71,0
30,0
31,0
32,0
33,0
34,0
35,0
38,0
37,0
38,0
39,0
40,0
40,0
42,0
43,0
44,0
25,0
66,0
47,0
27,0
4,0
100,0
100,0
10,0
53,0
54,0
55,0
56,0
57,0
58,0
59,0
60,0
61,0
71,0
65,0
64,0
65,0
66,0
67,0
71,0
67,0
70,0
71,0
72,0
73,0
50,0
122,0
122,0
122,0
0,0
126,0
127,0
136,0
136,0
137,0
138,0
139,0
43,0
141,0
142,0
143,0
144,0
35,0
147,0
149,0
153,0
136,0
152,0
54,0
54,0
99,0
56,0
101,0
102,0
103,0
33,0
120,0
106,0
107,0
102,0
72,0
110,0
110,0
101,0
113,0
114,0
115,0
116,0
117,0
19,0
119,0
117,0
74,0
75,0
131,0
95,0
77,0
79,0
80,0
95,0
81,0
80,0
89,0
88,0
78,0
87,0
88,0
89,0
132,0
91,0
92,0
131,0
94,0
95,0
96,0
97,0
98,0
130,0
131,0
132,0
133,0
134,0
83,0
146,0
95,0
