54,0
55,0
56,0
10,0
58,0
22,0
60,0
61,0
62,0
63,0
64,0
65,0
59,0
67,0
68,0
69,0
70,0
52,0
35,0
73,0
99,0
32,0
101,0
102,0
103,0
104,0
105,0
106,0
107,0
108,0
109,0
110,0
111,0
112,0
113,0
114,0
115,0
116,0
38,0
19,0
119,0
120,0
136,0
124,0
36,0
29,0
29,0
19,0
45,0
34,0
2,0
67,0
4,0
28,0
28,0
103,0
57,0
48,0
10,0
140,0
12,0
13,0
14,0
65,0
16,0
113,0
18,0
37,0
59,0
56,0
22,0
103,0
2,0
25,0
117,0
36,0
28,0
29,0
30,0
41,0
100,0
33,0
34,0
14,0
36,0
37,0
36,0
39,0
64,0
38,0
140,0
118,0
44,0
35,0
127,0
47,0
8,0
52,0
129,0
151,0
49,0
61,0
54,0
3,0
30,0
33,0
58,0
59,0
61,0
61,0
65,0
63,0
38,0
63,0
30,0
67,0
65,0
70,0
63,0
65,0
72,0
73,0
3,0
10,0
101,0
102,0
103,0
104,0
105,0
106,0
107,0
108,0
109,0
55,0
3,0
112,0
113,0
114,0
116,0
116,0
24,0
118,0
119,0
120,0
121,0
123,0
124,0
118,0
139,0
63,0
42,0
138,0
137,0
66,0
139,0
140,0
136,0
142,0
143,0
144,0
14,0
100,0
150,0
151,0
36,0
45,0
2,0
3,0
4,0
17,0
6,0
7,0
10,0
10,0
10,0
73,0
12,0
16,0
14,0
15,0
35,0
5,0
33,0
19,0
20,0
21,0
23,0
8,0
36,0
25,0
26,0
37,0
48,0
29,0
30,0
38,0
10,0
111,0
34,0
14,0
36,0
39,0
41,0
31,0
37,0
41,0
42,0
40,0
44,0
25,0
127,0
33,0
10,0
4,0
50,0
4,0
50,0
53,0
54,0
55,0
56,0
57,0
58,0
22,0
61,0
7,0
62,0
65,0
15,0
65,0
22,0
67,0
65,0
69,0
0,0
65,0
9,0
73,0
99,0
32,0
101,0
18,0
103,0
99,0
120,0
106,0
107,0
108,0
109,0
110,0
111,0
112,0
113,0
114,0
115,0
115,0
117,0
41,0
119,0
120,0
50,0
46,0
46,0
36,0
140,0
127,0
19,0
141,0
69,0
138,0
139,0
140,0
141,0
142,0
107,0
13,0
14,0
26,0
150,0
140,0
78,0
75,0
76,0
77,0
78,0
79,0
80,0
88,0
82,0
96,0
84,0
85,0
146,0
86,0
88,0
133,0
90,0
91,0
92,0
93,0
94,0
95,0
96,0
97,0
98,0
146,0
131,0
78,0
133,0
134,0
135,0
130,0
148,0
31,0
45,0
30,0
63,0
49,0
5,0
54,0
7,0
8,0
10,0
10,0
11,0
12,0
13,0
14,0
16,0
16,0
129,0
18,0
19,0
20,0
3,0
22,0
23,0
41,0
25,0
100,0
27,0
8,0
49,0
30,0
70,0
32,0
33,0
31,0
16,0
36,0
37,0
115,0
39,0
31,0
26,0
42,0
31,0
44,0
45,0
48,0
47,0
48,0
29,0
50,0
65,0
52,0
122,0
54,0
55,0
72,0
32,0
58,0
59,0
61,0
61,0
62,0
29,0
125,0
70,0
66,0
67,0
68,0
26,0
70,0
71,0
70,0
73,0
99,0
10,0
101,0
102,0
58,0
48,0
72,0
143,0
107,0
108,0
109,0
111,0
111,0
112,0
113,0
114,0
116,0
117,0
115,0
19,0
119,0
120,0
4,0
122,0
124,0
126,0
36,0
58,0
127,0
129,0
51,0
136,0
61,0
139,0
140,0
122,0
142,0
143,0
13,0
14,0
149,0
42,0
122,0
0,0
1,0
2,0
3,0
49,0
38,0
152,0
7,0
8,0
10,0
10,0
11,0
12,0
13,0
14,0
15,0
16,0
17,0
18,0
19,0
61,0
21,0
124,0
22,0
64,0
45,0
26,0
45,0
28,0
29,0
30,0
31,0
32,0
33,0
38,0
16,0
36,0
47,0
40,0
21,0
67,0
31,0
42,0
39,0
38,0
23,0
122,0
2,0
28,0
4,0
50,0
52,0
129,0
9,0
54,0
55,0
9,0
127,0
107,0
59,0
60,0
61,0
65,0
29,0
31,0
63,0
66,0
0,0
70,0
69,0
30,0
71,0
72,0
73,0
99,0
100,0
101,0
102,0
103,0
108,0
99,0
106,0
107,0
108,0
109,0
58,0
33,0
112,0
113,0
114,0
116,0
116,0
117,0
72,0
119,0
120,0
51,0
150,0
46,0
129,0
127,0
54,0
129,0
86,0
75,0
76,0
77,0
78,0
146,0
80,0
88,0
82,0
83,0
84,0
86,0
86,0
86,0
88,0
89,0
90,0
91,0
92,0
78,0
94,0
95,0
96,0
131,0
98,0
130,0
93,0
132,0
89,0
131,0
135,0
146,0
148,0
0,0
52,0
2,0
62,0
4,0
62,0
29,0
7,0
28,0
9,0
9,0
11,0
12,0
34,0
145,0
15,0
16,0
17,0
34,0
19,0
21,0
21,0
66,0
45,0
34,0
25,0
26,0
34,0
28,0
29,0
30,0
15,0
100,0
33,0
34,0
35,0
15,0
15,0
38,0
31,0
31,0
38,0
42,0
118,0
44,0
27,0
63,0
8,0
28,0
50,0
50,0
3,0
51,0
54,0
4,0
55,0
56,0
103,0
20,0
60,0
20,0
62,0
68,0
62,0
62,0
65,0
67,0
68,0
0,0
64,0
52,0
72,0
73,0
99,0
100,0
101,0
102,0
103,0
104,0
106,0
106,0
107,0
108,0
110,0
110,0
111,0
112,0
19,0
114,0
115,0
116,0
67,0
118,0
119,0
120,0
51,0
124,0
125,0
129,0
54,0
127,0
129,0
16,0
141,0
142,0
143,0
28,0
129,0
149,0
144,0
153,0
0,0
1,0
26,0
3,0
4,0
149,0
6,0
7,0
25,0
10,0
33,0
11,0
12,0
13,0
14,0
18,0
35,0
108,0
3,0
19,0
61,0
21,0
22,0
23,0
108,0
57,0
26,0
27,0
47,0
63,0
30,0
31,0
25,0
111,0
144,0
35,0
36,0
37,0
39,0
39,0
40,0
38,0
42,0
118,0
44,0
45,0
46,0
47,0
10,0
49,0
121,0
50,0
4,0
122,0
54,0
55,0
56,0
57,0
58,0
59,0
61,0
14,0
62,0
63,0
64,0
65,0
61,0
67,0
24,0
69,0
70,0
65,0
43,0
73,0
99,0
100,0
101,0
55,0
103,0
99,0
105,0
106,0
107,0
108,0
103,0
55,0
33,0
112,0
113,0
114,0
115,0
116,0
117,0
118,0
119,0
120,0
121,0
151,0
7,0
45,0
126,0
57,0
72,0
136,0
137,0
138,0
55,0
140,0
141,0
111,0
143,0
144,0
145,0
149,0
150,0
151,0
40,0
1,0
2,0
69,0
54,0
1,0
6,0
7,0
8,0
10,0
10,0
11,0
12,0
13,0
14,0
15,0
16,0
140,0
21,0
118,0
66,0
21,0
59,0
48,0
150,0
10,0
115,0
27,0
28,0
63,0
30,0
40,0
10,0
47,0
1,0
35,0
23,0
37,0
40,0
117,0
64,0
62,0
42,0
72,0
44,0
45,0
46,0
1,0
9,0
50,0
50,0
51,0
54,0
124,0
127,0
55,0
69,0
18,0
58,0
59,0
59,0
59,0
40,0
63,0
64,0
0,0
59,0
67,0
68,0
150,0
70,0
50,0
72,0
73,0
99,0
8,0
101,0
102,0
103,0
104,0
118,0
106,0
107,0
108,0
109,0
111,0
111,0
112,0
113,0
114,0
38,0
38,0
72,0
72,0
119,0
120,0
149,0
122,0
124,0
43,0
126,0
127,0
129,0
138,0
137,0
138,0
101,0
140,0
141,0
137,0
114,0
144,0
129,0
149,0
150,0
138,0
26,0
1,0
104,0
30,0
29,0
5,0
6,0
7,0
10,0
10,0
10,0
11,0
12,0
13,0
14,0
73,0
16,0
16,0
102,0
117,0
20,0
61,0
59,0
24,0
10,0
39,0
27,0
48,0
49,0
32,0
31,0
56,0
33,0
34,0
35,0
36,0
15,0
72,0
39,0
5,0
39,0
5,0
38,0
21,0
1,0
20,0
47,0
9,0
54,0
71,0
52,0
66,0
124,0
54,0
110,0
56,0
57,0
58,0
59,0
61,0
61,0
118,0
63,0
64,0
65,0
23,0
67,0
69,0
69,0
47,0
71,0
72,0
73,0
99,0
100,0
101,0
101,0
109,0
104,0
105,0
106,0
107,0
108,0
109,0
110,0
111,0
112,0
120,0
114,0
115,0
115,0
117,0
43,0
119,0
120,0
71,0
123,0
126,0
122,0
8,0
126,0
127,0
139,0
136,0
137,0
126,0
150,0
138,0
141,0
142,0
149,0
144,0
145,0
17,0
42,0
126,0
77,0
75,0
76,0
77,0
132,0
79,0
98,0
77,0
98,0
92,0
84,0
85,0
146,0
74,0
88,0
94,0
98,0
91,0
92,0
93,0
94,0
95,0
96,0
97,0
98,0
130,0
93,0
132,0
87,0
134,0
135,0
146,0
131,0
0,0
44,0
42,0
147,0
142,0
125,0
6,0
7,0
18,0
25,0
10,0
16,0
11,0
14,0
14,0
15,0
16,0
16,0
125,0
19,0
20,0
10,0
20,0
152,0
108,0
57,0
26,0
26,0
48,0
29,0
30,0
31,0
25,0
33,0
145,0
35,0
35,0
15,0
57,0
64,0
5,0
5,0
42,0
108,0
144,0
44,0
46,0
150,0
47,0
49,0
50,0
50,0
54,0
53,0
124,0
110,0
56,0
25,0
58,0
59,0
20,0
20,0
63,0
29,0
15,0
65,0
66,0
67,0
68,0
11,0
18,0
71,0
72,0
73,0
23,0
100,0
101,0
102,0
103,0
104,0
19,0
106,0
107,0
104,0
109,0
143,0
111,0
119,0
120,0
114,0
26,0
143,0
117,0
72,0
119,0
120,0
152,0
122,0
53,0
124,0
0,0
126,0
152,0
143,0
139,0
137,0
137,0
138,0
149,0
140,0
141,0
123,0
143,0
144,0
145,0
26,0
8,0
151,0
99,0
100,0
101,0
102,0
103,0
104,0
105,0
106,0
107,0
108,0
109,0
110,0
111,0
112,0
113,0
114,0
115,0
115,0
117,0
72,0
119,0
120,0
74,0
75,0
76,0
131,0
78,0
79,0
82,0
85,0
82,0
83,0
87,0
85,0
86,0
131,0
88,0
89,0
90,0
91,0
92,0
93,0
94,0
81,0
96,0
97,0
98,0
93,0
132,0
133,0
134,0
135,0
146,0
74,0
0,0
1,0
31,0
62,0
4,0
65,0
6,0
7,0
8,0
25,0
10,0
11,0
12,0
13,0
14,0
15,0
14,0
149,0
18,0
31,0
66,0
21,0
66,0
23,0
36,0
57,0
26,0
27,0
48,0
29,0
30,0
37,0
8,0
33,0
34,0
24,0
30,0
37,0
36,0
31,0
118,0
41,0
42,0
72,0
10,0
37,0
46,0
47,0
9,0
50,0
50,0
121,0
65,0
53,0
121,0
110,0
21,0
21,0
58,0
20,0
60,0
20,0
62,0
63,0
16,0
65,0
66,0
36,0
38,0
26,0
70,0
71,0
72,0
73,0
86,0
75,0
77,0
79,0
80,0
81,0
82,0
83,0
84,0
84,0
74,0
87,0
88,0
89,0
90,0
91,0
92,0
93,0
94,0
95,0
96,0
97,0
98,0
99,0
32,0
101,0
102,0
103,0
112,0
105,0
106,0
107,0
108,0
109,0
117,0
111,0
112,0
113,0
114,0
115,0
38,0
117,0
72,0
119,0
120,0
62,0
122,0
122,0
122,0
26,0
126,0
10,0
129,0
97,0
78,0
91,0
133,0
97,0
135,0
137,0
136,0
138,0
139,0
140,0
141,0
22,0
143,0
144,0
145,0
146,0
148,0
149,0
59,0
138,0
107,0
16,0
1,0
37,0
3,0
4,0
5,0
6,0
7,0
8,0
9,0
25,0
11,0
12,0
13,0
14,0
15,0
16,0
17,0
13,0
19,0
20,0
21,0
61,0
21,0
36,0
10,0
5,0
27,0
28,0
29,0
30,0
31,0
32,0
33,0
35,0
35,0
36,0
15,0
36,0
44,0
40,0
40,0
42,0
43,0
44,0
14,0
46,0
47,0
48,0
49,0
50,0
4,0
51,0
53,0
54,0
110,0
56,0
57,0
58,0
59,0
60,0
20,0
65,0
63,0
64,0
0,0
66,0
37,0
63,0
70,0
15,0
29,0
44,0
73,0
99,0
100,0
101,0
13,0
58,0
143,0
105,0
106,0
107,0
108,0
109,0
110,0
111,0
112,0
113,0
114,0
115,0
116,0
117,0
41,0
119,0
120,0
3,0
122,0
123,0
122,0
36,0
126,0
32,0
50,0
149,0
136,0
151,0
138,0
16,0
140,0
22,0
142,0
73,0
144,0
14,0
149,0
24,0
151,0
76,0
75,0
76,0
77,0
78,0
76,0
80,0
81,0
80,0
83,0
84,0
85,0
76,0
146,0
88,0
89,0
90,0
91,0
92,0
93,0
94,0
95,0
96,0
94,0
98,0
146,0
78,0
132,0
133,0
132,0
135,0
146,0
148,0
0,0
1,0
37,0
66,0
4,0
17,0
29,0
7,0
25,0
28,0
10,0
11,0
12,0
144,0
145,0
55,0
16,0
17,0
18,0
19,0
20,0
21,0
22,0
23,0
24,0
10,0
38,0
72,0
100,0
29,0
30,0
31,0
33,0
18,0
34,0
145,0
40,0
70,0
31,0
104,0
26,0
26,0
42,0
68,0
44,0
72,0
46,0
47,0
144,0
52,0
50,0
52,0
48,0
53,0
54,0
110,0
68,0
57,0
58,0
59,0
60,0
61,0
63,0
63,0
64,0
65,0
66,0
68,0
70,0
69,0
2,0
71,0
72,0
73,0
99,0
100,0
102,0
102,0
103,0
104,0
55,0
106,0
112,0
108,0
109,0
55,0
113,0
108,0
105,0
114,0
116,0
116,0
117,0
19,0
119,0
120,0
121,0
126,0
42,0
151,0
0,0
101,0
127,0
142,0
129,0
136,0
137,0
138,0
139,0
42,0
141,0
142,0
143,0
144,0
37,0
149,0
150,0
151,0
74,0
75,0
76,0
77,0
78,0
148,0
80,0
81,0
82,0
77,0
84,0
82,0
74,0
78,0
94,0
89,0
90,0
91,0
92,0
93,0
94,0
95,0
96,0
97,0
98,0
78,0
78,0
132,0
133,0
95,0
135,0
146,0
148,0
0,0
1,0
117,0
3,0
7,0
5,0
6,0
54,0
33,0
28,0
45,0
73,0
12,0
13,0
145,0
18,0
16,0
17,0
139,0
39,0
20,0
21,0
22,0
23,0
64,0
25,0
26,0
48,0
8,0
29,0
30,0
39,0
32,0
33,0
34,0
35,0
40,0
112,0
26,0
26,0
31,0
26,0
143,0
72,0
27,0
1,0
122,0
21,0
48,0
52,0
50,0
42,0
53,0
54,0
54,0
33,0
150,0
33,0
58,0
59,0
61,0
61,0
63,0
63,0
0,0
65,0
66,0
33,0
63,0
69,0
70,0
71,0
72,0
143,0
99,0
8,0
101,0
102,0
102,0
104,0
120,0
110,0
107,0
108,0
109,0
110,0
111,0
101,0
113,0
114,0
116,0
117,0
117,0
19,0
119,0
120,0
121,0
122,0
123,0
124,0
64,0
126,0
127,0
128,0
129,0
138,0
126,0
138,0
139,0
42,0
141,0
142,0
143,0
34,0
14,0
120,0
18,0
122,0
74,0
75,0
76,0
77,0
78,0
76,0
80,0
81,0
76,0
83,0
84,0
84,0
74,0
78,0
88,0
89,0
90,0
91,0
92,0
131,0
94,0
95,0
96,0
97,0
98,0
86,0
78,0
132,0
133,0
134,0
135,0
146,0
74,0
38,0
1,0
108,0
116,0
4,0
32,0
6,0
7,0
8,0
10,0
10,0
11,0
12,0
13,0
14,0
15,0
16,0
16,0
25,0
39,0
20,0
56,0
61,0
7,0
10,0
10,0
26,0
30,0
28,0
71,0
30,0
31,0
10,0
41,0
34,0
35,0
36,0
37,0
41,0
117,0
40,0
41,0
42,0
43,0
44,0
45,0
46,0
47,0
28,0
4,0
50,0
50,0
4,0
51,0
54,0
55,0
25,0
28,0
58,0
59,0
60,0
20,0
108,0
63,0
5,0
33,0
66,0
67,0
68,0
69,0
30,0
71,0
72,0
73,0
27,0
57,0
101,0
102,0
103,0
104,0
105,0
106,0
107,0
108,0
109,0
110,0
111,0
112,0
113,0
114,0
115,0
26,0
38,0
118,0
119,0
120,0
3,0
137,0
102,0
127,0
40,0
102,0
10,0
53,0
19,0
137,0
66,0
138,0
57,0
149,0
127,0
142,0
143,0
144,0
145,0
149,0
150,0
138,0
131,0
75,0
78,0
77,0
78,0
79,0
80,0
82,0
96,0
83,0
84,0
84,0
78,0
78,0
88,0
85,0
82,0
91,0
92,0
93,0
94,0
95,0
96,0
97,0
98,0
130,0
93,0
132,0
133,0
134,0
135,0
146,0
148,0
40,0
1,0
2,0
3,0
50,0
64,0
6,0
7,0
8,0
9,0
10,0
11,0
12,0
13,0
14,0
144,0
35,0
50,0
18,0
19,0
20,0
56,0
22,0
22,0
68,0
25,0
41,0
18,0
48,0
71,0
30,0
31,0
32,0
33,0
34,0
35,0
36,0
70,0
40,0
72,0
40,0
24,0
42,0
43,0
44,0
45,0
46,0
47,0
48,0
49,0
50,0
51,0
52,0
53,0
54,0
114,0
30,0
99,0
58,0
59,0
60,0
60,0
65,0
29,0
64,0
25,0
66,0
62,0
68,0
69,0
70,0
71,0
72,0
143,0
99,0
10,0
101,0
102,0
103,0
104,0
105,0
106,0
107,0
108,0
109,0
110,0
111,0
112,0
113,0
143,0
115,0
116,0
117,0
118,0
119,0
120,0
121,0
46,0
123,0
127,0
34,0
109,0
127,0
53,0
149,0
137,0
126,0
12,0
139,0
58,0
61,0
142,0
19,0
144,0
35,0
17,0
68,0
53,0
78,0
74,0
93,0
77,0
78,0
77,0
96,0
82,0
96,0
83,0
84,0
84,0
86,0
78,0
88,0
89,0
90,0
91,0
92,0
93,0
94,0
95,0
131,0
97,0
98,0
130,0
131,0
132,0
133,0
134,0
135,0
146,0
131,0
0,0
9,0
3,0
103,0
4,0
5,0
6,0
7,0
8,0
10,0
25,0
11,0
12,0
13,0
14,0
15,0
16,0
34,0
33,0
19,0
20,0
29,0
23,0
23,0
36,0
8,0
43,0
45,0
48,0
29,0
30,0
10,0
10,0
33,0
144,0
35,0
32,0
70,0
38,0
39,0
41,0
1,0
42,0
38,0
44,0
45,0
137,0
47,0
10,0
142,0
50,0
142,0
54,0
152,0
54,0
55,0
56,0
21,0
58,0
58,0
60,0
61,0
63,0
29,0
2,0
62,0
66,0
67,0
3,0
70,0
70,0
65,0
72,0
73,0
107,0
32,0
101,0
47,0
103,0
110,0
105,0
106,0
107,0
108,0
109,0
55,0
111,0
112,0
113,0
114,0
41,0
149,0
116,0
43,0
119,0
120,0
52,0
151,0
53,0
115,0
36,0
102,0
127,0
136,0
129,0
136,0
138,0
138,0
139,0
140,0
46,0
142,0
143,0
144,0
35,0
149,0
66,0
51,0
0,0
125,0
2,0
63,0
4,0
5,0
4,0
4,0
8,0
9,0
25,0
11,0
12,0
13,0
14,0
15,0
35,0
17,0
18,0
19,0
66,0
21,0
20,0
139,0
24,0
45,0
125,0
34,0
28,0
4,0
30,0
24,0
32,0
10,0
34,0
14,0
127,0
37,0
41,0
37,0
38,0
41,0
42,0
36,0
44,0
45,0
127,0
18,0
48,0
50,0
50,0
63,0
50,0
51,0
49,0
55,0
56,0
57,0
58,0
59,0
20,0
60,0
62,0
63,0
64,0
65,0
66,0
67,0
68,0
69,0
70,0
71,0
21,0
73,0
73,0
57,0
101,0
102,0
58,0
104,0
105,0
106,0
107,0
108,0
109,0
55,0
10,0
112,0
113,0
114,0
115,0
116,0
117,0
118,0
119,0
120,0
66,0
136,0
152,0
141,0
24,0
101,0
127,0
138,0
129,0
136,0
137,0
112,0
139,0
140,0
141,0
142,0
143,0
144,0
145,0
149,0
5,0
138,0
74,0
75,0
76,0
77,0
78,0
89,0
96,0
81,0
93,0
83,0
84,0
85,0
86,0
78,0
88,0
89,0
90,0
91,0
92,0
131,0
94,0
77,0
96,0
97,0
98,0
130,0
93,0
132,0
133,0
94,0
135,0
146,0
148,0
74,0
75,0
76,0
77,0
78,0
79,0
80,0
81,0
80,0
83,0
87,0
85,0
74,0
78,0
88,0
89,0
90,0
91,0
92,0
131,0
94,0
95,0
96,0
97,0
98,0
130,0
131,0
132,0
89,0
134,0
135,0
146,0
74,0
0,0
28,0
2,0
3,0
4,0
3,0
4,0
7,0
8,0
9,0
25,0
11,0
12,0
34,0
14,0
34,0
14,0
72,0
18,0
19,0
17,0
6,0
23,0
23,0
24,0
25,0
26,0
25,0
28,0
29,0
30,0
31,0
32,0
10,0
38,0
35,0
36,0
2,0
43,0
26,0
125,0
62,0
42,0
118,0
1,0
25,0
46,0
28,0
9,0
49,0
50,0
49,0
52,0
53,0
151,0
111,0
63,0
57,0
58,0
59,0
60,0
61,0
63,0
64,0
64,0
149,0
4,0
24,0
72,0
16,0
70,0
53,0
72,0
73,0
99,0
100,0
101,0
102,0
103,0
104,0
105,0
106,0
107,0
108,0
109,0
110,0
111,0
112,0
113,0
114,0
26,0
27,0
117,0
19,0
119,0
120,0
50,0
53,0
123,0
124,0
26,0
126,0
127,0
123,0
129,0
136,0
137,0
138,0
139,0
140,0
46,0
142,0
143,0
144,0
145,0
149,0
30,0
151,0
74,0
75,0
76,0
78,0
78,0
79,0
80,0
81,0
84,0
83,0
131,0
85,0
86,0
87,0
88,0
90,0
91,0
92,0
93,0
94,0
95,0
96,0
97,0
132,0
130,0
78,0
132,0
133,0
134,0
135,0
146,0
148,0
125,0
28,0
2,0
3,0
4,0
5,0
6,0
66,0
8,0
9,0
10,0
11,0
154,0
15,0
14,0
15,0
16,0
17,0
18,0
19,0
141,0
56,0
60,0
61,0
24,0
25,0
26,0
10,0
28,0
50,0
30,0
68,0
32,0
18,0
64,0
34,0
18,0
2,0
34,0
153,0
144,0
34,0
42,0
47,0
1,0
45,0
46,0
18,0
13,0
50,0
50,0
21,0
52,0
68,0
54,0
34,0
56,0
8,0
58,0
59,0
7,0
61,0
144,0
18,0
70,0
14,0
66,0
70,0
68,0
69,0
70,0
69,0
7,0
73,0
121,0
126,0
128,0
123,0
125,0
126,0
124,0
71,0
101,0
136,0
126,0
138,0
139,0
140,0
127,0
142,0
143,0
144,0
145,0
129,0
150,0
151,0
125,0
72,0
2,0
21,0
4,0
5,0
6,0
66,0
8,0
28,0
25,0
11,0
12,0
139,0
14,0
15,0
47,0
129,0
36,0
102,0
20,0
57,0
61,0
22,0
70,0
45,0
39,0
10,0
1,0
71,0
30,0
18,0
54,0
18,0
34,0
14,0
36,0
72,0
38,0
26,0
72,0
40,0
33,0
72,0
38,0
24,0
124,0
47,0
48,0
50,0
50,0
3,0
14,0
44,0
54,0
110,0
56,0
57,0
58,0
59,0
60,0
61,0
24,0
64,0
64,0
15,0
66,0
62,0
39,0
69,0
68,0
69,0
72,0
73,0
3,0
137,0
123,0
123,0
125,0
126,0
56,0
151,0
129,0
151,0
137,0
138,0
126,0
140,0
128,0
142,0
143,0
144,0
11,0
149,0
150,0
138,0
73,0
32,0
101,0
102,0
58,0
69,0
110,0
106,0
107,0
108,0
109,0
55,0
110,0
112,0
101,0
101,0
15,0
73,0
111,0
118,0
112,0
107,0
132,0
75,0
102,0
77,0
131,0
79,0
80,0
81,0
96,0
83,0
84,0
85,0
83,0
83,0
88,0
89,0
90,0
91,0
92,0
131,0
94,0
95,0
80,0
135,0
98,0
148,0
131,0
132,0
133,0
134,0
135,0
146,0
135,0
0,0
1,0
34,0
141,0
4,0
46,0
61,0
61,0
48,0
25,0
25,0
11,0
12,0
13,0
46,0
144,0
65,0
5,0
18,0
72,0
66,0
21,0
22,0
23,0
64,0
62,0
26,0
27,0
28,0
29,0
30,0
118,0
32,0
33,0
24,0
65,0
36,0
37,0
72,0
39,0
36,0
64,0
42,0
118,0
25,0
25,0
53,0
34,0
25,0
121,0
4,0
52,0
52,0
53,0
54,0
55,0
56,0
33,0
58,0
59,0
60,0
61,0
64,0
63,0
64,0
65,0
66,0
67,0
68,0
69,0
70,0
71,0
72,0
73,0
65,0
122,0
123,0
53,0
125,0
126,0
21,0
46,0
149,0
138,0
137,0
138,0
139,0
140,0
141,0
142,0
143,0
144,0
145,0
149,0
150,0
53,0
99,0
100,0
101,0
102,0
103,0
104,0
105,0
106,0
107,0
108,0
109,0
110,0
111,0
112,0
113,0
114,0
115,0
115,0
117,0
118,0
119,0
120,0
74,0
148,0
76,0
77,0
78,0
79,0
82,0
75,0
148,0
83,0
84,0
85,0
86,0
86,0
88,0
89,0
90,0
91,0
92,0
132,0
94,0
81,0
96,0
97,0
98,0
130,0
131,0
85,0
133,0
131,0
135,0
146,0
148,0
0,0
1,0
2,0
6,0
49,0
17,0
66,0
66,0
8,0
9,0
53,0
11,0
12,0
13,0
14,0
13,0
14,0
17,0
18,0
72,0
20,0
21,0
22,0
22,0
24,0
64,0
26,0
27,0
28,0
29,0
30,0
31,0
32,0
33,0
34,0
5,0
36,0
37,0
38,0
39,0
38,0
64,0
42,0
72,0
1,0
13,0
54,0
42,0
27,0
49,0
50,0
4,0
49,0
53,0
54,0
110,0
56,0
57,0
58,0
59,0
20,0
61,0
62,0
63,0
64,0
65,0
66,0
67,0
68,0
69,0
70,0
71,0
38,0
73,0
121,0
128,0
123,0
124,0
27,0
126,0
45,0
138,0
129,0
138,0
126,0
72,0
139,0
140,0
141,0
142,0
143,0
144,0
14,0
149,0
150,0
53,0
99,0
100,0
101,0
102,0
103,0
104,0
105,0
106,0
107,0
108,0
109,0
110,0
100,0
112,0
105,0
114,0
115,0
115,0
117,0
118,0
119,0
120,0
74,0
75,0
76,0
77,0
78,0
79,0
80,0
88,0
148,0
83,0
84,0
85,0
148,0
148,0
88,0
89,0
90,0
91,0
92,0
93,0
94,0
77,0
80,0
97,0
98,0
131,0
93,0
131,0
133,0
93,0
135,0
88,0
148,0
20,0
14,0
24,0
50,0
150,0
57,0
60,0
30,0
127,0
36,0
129,0
111,0
48,0
57,0
18,0
127,0
57,0
36,0
31,0
111,0
36,0
56,0
36,0
36,0
100,0
57,0
111,0
36,0
57,0
44,0
57,0
100,0
129,0
18,0
127,0
108,0
27,0
41,0
31,0
39,0
31,0
19,0
39,0
41,0
129,0
57,0
41,0
48,0
57,0
50,0
57,0
18,0
10,0
123,0
129,0
93,0
26,0
57,0
117,0
57,0
124,0
56,0
36,0
57,0
100,0
39,0
125,0
14,0
129,0
129,0
57,0
60,0
56,0
36,0
110,0
18,0
63,0
14,0
129,0
99,0
18,0
50,0
151,0
61,0
128,0
57,0
59,0
54,0
115,0
30,0
122,0
141,0
27,0
18,0
39,0
18,0
100,0
52,0
100,0
124,0
31,0
110,0
141,0
127,0
39,0
110,0
57,0
39,0
100,0
18,0
31,0
8,0
39,0
38,0
31,0
111,0
44,0
57,0
93,0
79,0
78,0
78,0
146,0
132,0
134,0
74,0
133,0
78,0
98,0
95,0
97,0
79,0
130,0
142,0
146,0
79,0
133,0
146,0
135,0
79,0
85,0
85,0
130,0
79,0
94,0
78,0
128,0
95,0
76,0
130,0
94,0
0,0
1,0
15,0
3,0
54,0
3,0
6,0
7,0
48,0
9,0
10,0
11,0
12,0
13,0
14,0
1,0
16,0
64,0
18,0
19,0
20,0
21,0
22,0
23,0
0,0
25,0
26,0
38,0
28,0
63,0
30,0
31,0
32,0
36,0
34,0
35,0
36,0
118,0
36,0
39,0
36,0
36,0
42,0
36,0
34,0
68,0
124,0
125,0
25,0
54,0
46,0
46,0
127,0
46,0
53,0
55,0
56,0
57,0
58,0
59,0
60,0
60,0
3,0
63,0
64,0
13,0
20,0
36,0
36,0
26,0
0,0
3,0
36,0
110,0
4,0
124,0
127,0
55,0
100,0
107,0
109,0
103,0
57,0
0,0
26,0
4,0
33,0
37,0
129,0
136,0
138,0
154,0
149,0
46,0
142,0
106,0
144,0
14,0
149,0
12,0
141,0
107,0
105,0
103,0
107,0
108,0
103,0
56,0
111,0
116,0
25,0
114,0
116,0
57,0
116,0
37,0
10,0
55,0
86,0
75,0
77,0
77,0
78,0
88,0
96,0
77,0
82,0
83,0
95,0
85,0
95,0
77,0
85,0
89,0
90,0
91,0
92,0
131,0
94,0
95,0
96,0
97,0
80,0
130,0
131,0
132,0
133,0
134,0
135,0
146,0
83,0
0,0
34,0
0,0
3,0
4,0
3,0
60,0
7,0
32,0
32,0
10,0
11,0
12,0
13,0
14,0
35,0
5,0
5,0
33,0
140,0
20,0
21,0
23,0
66,0
36,0
25,0
26,0
45,0
28,0
29,0
66,0
38,0
100,0
8,0
36,0
35,0
62,0
37,0
68,0
37,0
68,0
24,0
42,0
66,0
25,0
71,0
53,0
63,0
57,0
4,0
50,0
66,0
50,0
122,0
54,0
55,0
56,0
57,0
103,0
59,0
60,0
61,0
65,0
63,0
64,0
65,0
66,0
67,0
3,0
69,0
67,0
71,0
26,0
107,0
20,0
53,0
122,0
122,0
62,0
138,0
61,0
129,0
136,0
122,0
4,0
139,0
140,0
124,0
142,0
143,0
144,0
14,0
140,0
47,0
7,0
110,0
136,0
109,0
102,0
109,0
99,0
99,0
73,0
107,0
108,0
66,0
55,0
33,0
112,0
113,0
143,0
3,0
115,0
116,0
43,0
119,0
120,0
89,0
84,0
146,0
78,0
78,0
76,0
74,0
84,0
76,0
83,0
84,0
85,0
80,0
83,0
88,0
89,0
86,0
91,0
92,0
93,0
94,0
146,0
96,0
134,0
98,0
79,0
93,0
132,0
89,0
134,0
135,0
146,0
134,0
0,0
1,0
37,0
3,0
4,0
149,0
6,0
7,0
8,0
9,0
68,0
11,0
12,0
13,0
41,0
15,0
16,0
5,0
18,0
19,0
66,0
21,0
23,0
23,0
36,0
10,0
26,0
27,0
28,0
29,0
30,0
117,0
32,0
33,0
1,0
35,0
36,0
37,0
125,0
39,0
24,0
26,0
16,0
108,0
44,0
45,0
127,0
47,0
25,0
49,0
50,0
35,0
52,0
53,0
54,0
55,0
56,0
57,0
58,0
59,0
60,0
60,0
62,0
30,0
0,0
63,0
66,0
68,0
68,0
68,0
70,0
71,0
53,0
72,0
51,0
121,0
122,0
124,0
122,0
68,0
126,0
127,0
26,0
136,0
142,0
138,0
139,0
19,0
141,0
142,0
143,0
144,0
145,0
149,0
41,0
138,0
99,0
100,0
101,0
102,0
103,0
108,0
105,0
106,0
107,0
108,0
109,0
110,0
111,0
112,0
113,0
114,0
115,0
116,0
39,0
24,0
119,0
120,0
74,0
75,0
76,0
77,0
78,0
79,0
80,0
81,0
148,0
83,0
84,0
85,0
74,0
87,0
88,0
89,0
90,0
91,0
92,0
93,0
94,0
130,0
96,0
97,0
130,0
93,0
132,0
133,0
134,0
135,0
146,0
135,0
151,0
74,0
148,0
76,0
86,0
78,0
76,0
80,0
81,0
82,0
83,0
84,0
85,0
74,0
87,0
88,0
133,0
90,0
91,0
92,0
93,0
89,0
148,0
96,0
97,0
98,0
130,0
93,0
132,0
133,0
134,0
135,0
146,0
148,0
18,0
1,0
2,0
136,0
4,0
124,0
121,0
25,0
10,0
11,0
12,0
64,0
14,0
15,0
139,0
149,0
36,0
114,0
140,0
69,0
46,0
22,0
34,0
10,0
118,0
27,0
44,0
121,0
117,0
32,0
18,0
62,0
65,0
57,0
69,0
57,0
39,0
100,0
40,0
42,0
118,0
44,0
45,0
141,0
125,0
9,0
50,0
50,0
136,0
142,0
128,0
49,0
102,0
56,0
57,0
58,0
59,0
141,0
61,0
150,0
69,0
18,0
62,0
66,0
65,0
68,0
9,0
37,0
71,0
72,0
55,0
121,0
127,0
123,0
46,0
62,0
129,0
127,0
129,0
69,0
137,0
138,0
139,0
102,0
141,0
142,0
23,0
144,0
145,0
126,0
127,0
53,0
46,0
21,0
101,0
102,0
103,0
69,0
42,0
101,0
101,0
108,0
109,0
144,0
111,0
112,0
112,0
114,0
99,0
117,0
111,0
102,0
119,0
120,0
76,0
75,0
76,0
77,0
78,0
79,0
80,0
146,0
74,0
83,0
84,0
85,0
78,0
146,0
88,0
89,0
90,0
91,0
92,0
93,0
94,0
79,0
96,0
89,0
98,0
77,0
93,0
132,0
88,0
134,0
135,0
146,0
76,0
0,0
1,0
37,0
3,0
17,0
6,0
7,0
8,0
9,0
10,0
11,0
42,0
144,0
14,0
15,0
16,0
17,0
18,0
19,0
20,0
21,0
22,0
23,0
2,0
25,0
39,0
27,0
28,0
29,0
30,0
37,0
32,0
33,0
34,0
35,0
36,0
37,0
26,0
39,0
31,0
117,0
70,0
72,0
44,0
45,0
122,0
47,0
9,0
54,0
54,0
53,0
51,0
53,0
54,0
55,0
10,0
55,0
58,0
59,0
60,0
61,0
3,0
63,0
0,0
65,0
66,0
67,0
56,0
70,0
71,0
72,0
55,0
50,0
122,0
124,0
122,0
24,0
126,0
21,0
136,0
129,0
129,0
136,0
137,0
138,0
139,0
140,0
141,0
129,0
129,0
142,0
106,0
144,0
145,0
149,0
150,0
53,0
55,0
100,0
101,0
101,0
58,0
112,0
105,0
106,0
107,0
129,0
129,0
108,0
109,0
55,0
111,0
112,0
113,0
143,0
116,0
3,0
117,0
19,0
119,0
120,0
129,0
129,0
74,0
75,0
76,0
77,0
95,0
79,0
80,0
86,0
86,0
83,0
75,0
75,0
86,0
83,0
88,0
89,0
90,0
91,0
92,0
131,0
94,0
95,0
96,0
134,0
98,0
134,0
84,0
132,0
133,0
92,0
83,0
95,0
83,0
0,0
24,0
2,0
63,0
7,0
5,0
6,0
7,0
8,0
9,0
27,0
11,0
127,0
111,0
14,0
15,0
46,0
46,0
13,0
2,0
20,0
46,0
46,0
60,0
62,0
127,0
26,0
125,0
25,0
20,0
108,0
64,0
48,0
57,0
65,0
65,0
36,0
67,0
41,0
26,0
38,0
3,0
42,0
43,0
44,0
45,0
6,0
47,0
27,0
4,0
17,0
51,0
52,0
69,0
138,0
46,0
44,0
127,0
58,0
59,0
50,0
61,0
29,0
12,0
64,0
62,0
66,0
64,0
61,0
4,0
34,0
122,0
48,0
73,0
63,0
66,0
128,0
128,0
125,0
126,0
127,0
149,0
136,0
137,0
138,0
139,0
140,0
141,0
141,0
55,0
13,0
14,0
126,0
62,0
53,0
99,0
124,0
101,0
28,0
123,0
104,0
105,0
106,0
107,0
108,0
123,0
53,0
57,0
123,0
129,0
42,0
26,0
3,0
125,0
118,0
119,0
120,0
37,0
1,0
37,0
63,0
4,0
17,0
6,0
3,0
33,0
9,0
25,0
11,0
12,0
13,0
14,0
13,0
16,0
5,0
18,0
19,0
20,0
64,0
20,0
23,0
108,0
25,0
26,0
38,0
28,0
29,0
30,0
118,0
32,0
33,0
35,0
35,0
36,0
26,0
108,0
26,0
37,0
36,0
42,0
118,0
44,0
48,0
46,0
47,0
48,0
4,0
50,0
52,0
52,0
1,0
54,0
55,0
9,0
28,0
58,0
59,0
60,0
61,0
36,0
42,0
30,0
70,0
66,0
67,0
36,0
71,0
70,0
62,0
72,0
73,0
5,0
122,0
145,0
70,0
2,0
141,0
127,0
26,0
72,0
124,0
108,0
139,0
149,0
127,0
123,0
124,0
123,0
18,0
108,0
65,0
39,0
150,0
122,0
152,0
1,0
100,0
0,0
1,0
2,0
3,0
4,0
17,0
6,0
7,0
8,0
9,0
10,0
11,0
12,0
13,0
14,0
15,0
16,0
17,0
18,0
19,0
60,0
21,0
22,0
23,0
36,0
10,0
117,0
27,0
28,0
63,0
30,0
31,0
32,0
33,0
34,0
35,0
36,0
37,0
40,0
39,0
40,0
41,0
42,0
72,0
64,0
64,0
124,0
47,0
8,0
4,0
4,0
54,0
52,0
53,0
4,0
110,0
56,0
57,0
58,0
59,0
60,0
61,0
64,0
63,0
68,0
64,0
66,0
67,0
68,0
69,0
70,0
71,0
72,0
73,0
3,0
122,0
140,0
46,0
125,0
126,0
127,0
136,0
140,0
137,0
138,0
16,0
16,0
141,0
142,0
143,0
144,0
152,0
147,0
149,0
125,0
151,0
152,0
52,0
35,0
55,0
100,0
101,0
102,0
103,0
108,0
113,0
106,0
107,0
108,0
109,0
110,0
111,0
112,0
113,0
143,0
26,0
115,0
117,0
43,0
119,0
120,0
78,0
75,0
76,0
130,0
78,0
79,0
80,0
88,0
88,0
80,0
84,0
85,0
131,0
131,0
88,0
89,0
90,0
91,0
92,0
93,0
94,0
95,0
96,0
97,0
98,0
95,0
78,0
132,0
133,0
81,0
135,0
146,0
81,0
0,0
1,0
2,0
3,0
4,0
17,0
6,0
7,0
8,0
25,0
25,0
11,0
12,0
13,0
14,0
15,0
16,0
17,0
18,0
19,0
20,0
21,0
22,0
23,0
125,0
10,0
26,0
48,0
28,0
71,0
30,0
31,0
32,0
33,0
34,0
35,0
36,0
37,0
40,0
39,0
40,0
40,0
42,0
118,0
44,0
25,0
66,0
47,0
27,0
4,0
33,0
10,0
10,0
124,0
54,0
110,0
56,0
57,0
58,0
59,0
60,0
61,0
71,0
65,0
64,0
65,0
66,0
67,0
71,0
69,0
70,0
71,0
72,0
73,0
50,0
122,0
123,0
122,0
0,0
126,0
127,0
136,0
136,0
137,0
138,0
139,0
2,0
141,0
142,0
143,0
144,0
145,0
147,0
149,0
153,0
136,0
59,0
54,0
54,0
99,0
27,0
101,0
102,0
104,0
104,0
120,0
106,0
107,0
102,0
43,0
110,0
110,0
101,0
120,0
114,0
117,0
39,0
117,0
19,0
112,0
117,0
74,0
75,0
86,0
77,0
77,0
130,0
96,0
95,0
81,0
91,0
84,0
88,0
78,0
131,0
88,0
89,0
19,0
91,0
92,0
131,0
94,0
95,0
96,0
97,0
98,0
130,0
131,0
132,0
133,0
92,0
83,0
130,0
95,0
